0.0000 0.0000 0.0000
0.0050 0.0040 0.0090
0.0100 0.0080 0.0180
0.0150 0.0120 0.0270
0.0200 0.0160 0.0360
0.0250 0.0200 0.0450
0.0300 0.0240 0.0540
0.0350 0.0280 0.0630
0.0400 0.0320 0.0720
0.0450 0.0360 0.0810
0.0500 0.0400 0.0900
0.0550 0.0440 0.0990
0.0600 0.0480 0.1080
0.0650 0.0520 0.1170
0.0700 0.0560 0.1260
0.0750 0.0600 0.1350
0.0800 0.0640 0.1440
0.0850 0.0680 0.1530
0.0900 0.0720 0.1620
0.0950 0.0760 0.1710
0.1000 0.0800 0.1800
0.1050 0.0840 0.1890
0.1100 0.0880 0.1980
0.1150 0.0920 0.2070
0.1200 0.0960 0.2160
0.1250 0.1000 0.2250
0.1300 0.1040 0.2340
0.1350 0.1080 0.2430
0.1400 0.1120 0.2520
0.1450 0.1160 0.2610
0.1500 0.1200 0.2700
0.1550 0.1240 0.2790
0.1600 0.1280 0.2880
0.1650 0.1320 0.2970
0.1700 0.1360 0.3060
0.1750 0.1400 0.3150
0.1800 0.1440 0.3240
0.1850 0.1480 0.3330
0.1900 0.1520 0.3420
0.1950 0.1560 0.3510
0.2000 0.1600 0.3600
0.2050 0.1640 0.3690
0.2100 0.1680 0.3780
0.2150 0.1720 0.3870
0.2200 0.1760 0.3960
0.2250 0.1800 0.4050
0.2300 0.1840 0.4140
0.2350 0.1880 0.4230
0.2400 0.1920 0.4320
0.2450 0.1960 0.4410
0.2500 0.2000 0.4500
0.2550 0.2040 0.4590
0.2600 0.2080 0.4680
0.2650 0.2120 0.4770
0.2700 0.2160 0.4860
0.2750 0.2200 0.4950
0.2800 0.2240 0.5040
0.2850 0.2280 0.5130
0.2900 0.2320 0.5220
0.2950 0.2360 0.5310
0.3000 0.2400 0.5400
0.3050 0.2440 0.5490
0.3100 0.2480 0.5580
0.3150 0.2520 0.5670
0.3200 0.2560 0.5760
0.3250 0.2600 0.5850
0.3300 0.2640 0.5940
0.3350 0.2680 0.6030
0.3400 0.2720 0.6120
0.3450 0.2760 0.6210
0.3500 0.2800 0.6300
0.3550 0.2840 0.6390
0.3600 0.2880 0.6480
0.3650 0.2920 0.6570
0.3700 0.2960 0.6660
0.3750 0.3000 0.6750
0.3800 0.3040 0.6840
0.3850 0.3080 0.6930
0.3900 0.3120 0.7020
0.3950 0.3160 0.7110
0.4000 0.3200 0.7200
0.4050 0.3240 0.7290
0.4100 0.3280 0.7380
0.4150 0.3320 0.7470
0.4200 0.3360 0.7560
0.4250 0.3400 0.7650
0.4300 0.3440 0.7740
0.4350 0.3480 0.7830
0.4400 0.3520 0.7920
0.4450 0.3560 0.8010
0.4500 0.3600 0.8100
0.4550 0.3640 0.8190
0.4600 0.3680 0.8280
0.4650 0.3720 0.8370
0.4700 0.3760 0.8460
0.4750 0.3800 0.8550
0.4800 0.3840 0.8640
0.4850 0.3880 0.8730
0.4900 0.3920 0.8820
0.4950 0.3960 0.8910
